Enter input filename or press enter to read from stdin: Enter output filename or press enter to write to stdout: 

Incidentness matrix (rows - vertex, columns - edges): 
v\e|  1  2  3  4  5  6  7  8  9 10 11 12 13 14 15 16 17 18 19 20 21 22 23 24 25 26 27 28 29 30 31 32 33 34 35 36 37 38 39
---------------------------------------------------------------------------------------------------------------------------
  1|  1 -1  0  0  0  0  0  0  0  0  0  0  0  0  0  0  0  0  0  0  0  0  0  0  0  0  0  0  0  0  0  0  0  0  0  0  0  0  0
  2|  0  0  0  0  0  0  0  0  0  0  0  0  0  0  0  1 -1  1 -1  0  0  0  0  0  0  0  0  0  0  0  0  0  0  0  0  0  0  0  0
  3|  0  0  0  0  0  0  0  0  0  0  0  0  0  0  0  0  0 -1  1  1 -1  0  0  0  0  0  0  0  0  0  0  0  0  0  0  0  0  0  0
  4|  0  0  0  0  0  0  0  0  0  0  0  0  0  0  0  0  0  0  0 -1  1  1 -1  0  0  0  0  0  0  0  0  0  0  0  0  0  0  0  0
  5|  0  0  0  0  0  0  0  0  0  0  0  0  0  0  0  0  0  0  0  0  0 -1  1  1 -1  0  0  0  0  0  0  0  0  0  0  0  0  0  0
  6|  0  0  0  0  0  0  0  0  0  0  0  0  0  0  0  0  0  0  0  0  0  0  0 -1  1  1 -1  0  0  0  0  0  0  0  0  0  0  0  0
  7|  0  0  1 -1  1 -1  0  0  0  0  0  0  0  0  0  0  0  0  0  0  0  0  0  0  0 -1  1  0  0  0  0  0  0  0  0  0  0  0  0
  8|  0  0 -1  1  0  0  0  0  0  0  0  0  0  0  0  0  0  0  0  0  0  0  0  0  0  0  0  0  0  0  0  0  0  0  0  0  0  0  0
  9|  0  0  0  0  0  0  0  0  0  0  0  0  0  0  0  0  0  0  0  0  0  0  0  0  0  0  0  1 -1  1 -1  0  0  0  0  0  0  0  0
 10|  0  0  0  0 -1  1  1 -1  1 -1  0  0  0  0  0  0  0  0  0  0  0  0  0  0  0  0  0  0  0  0  0  0  0  0  0  0  0  0  0
 11|  0  0  0  0  0  0  0  0  0  0  1 -1  0  0  0  0  0  0  0  0  0  0  0  0  0  0  0  0  0  0  0  1 -1  0  0  0  0  0  0
 12|  0  0  0  0  0  0  0  0  0  0  0  0  0  0  0  0  0  0  0  0  0  0  0  0  0  0  0  0  0  0  0 -1  1  1 -1  0  0  0  0
 13|  0  0  0  0  0  0  0  0  0  0 -1  1  1 -1  0  0  0  0  0  0  0  0  0  0  0  0  0  0  0  0  0  0  0  0  0  0  0  0  0
 14|  0  0  0  0  0  0  0  0  0  0  0  0  0  0  0  0  0  0  0  0  0  0  0  0  0  0  0  0  0  0  0  0  0 -1  1  1 -1  0  0
 15|  0  0  0  0  0  0  0  0  0  0  0  0 -1  1  0  0  0  0  0  0  0  0  0  0  0  0  0  0  0 -1  1  0  0  0  0  0  0  0  0
 16|  0  0  0  0  0  0  0  0  0  0  0  0  0  0  0  0  0  0  0  0  0  0  0  0  0  0  0  0  0  0  0  0  0  0  0 -1  1  1 -1
 17|  0  0  0  0  0  0  0  0  0  0  0  0  0  0  0  0  0  0  0  0  0  0  0  0  0  0  0  0  0  0  0  0  0  0  0  0  0 -1  1
 18| -1  1  0  0  0  0  0  0  0  0  0  0  0  0  0 -1  1  0  0  0  0  0  0  0  0  0  0  0  0  0  0  0  0  0  0  0  0  0  0
 19|  0  0  0  0  0  0 -1  1  0  0  0  0  0  0  0  0  0  0  0  0  0  0  0  0  0  0  0  0  0  0  0  0  0  0  0  0  0  0  0
 20|  0  0  0  0  0  0  0  0 -1  1  0  0  0  0 -1  0  0  0  0  0  0  0  0  0  0  0  0 -1  1  0  0  0  0  0  0  0  0  0  0


Adjacency matrix: 
from\to|  1  2  3  4  5  6  7  8  9 10 11 12 13 14 15 16 17 18 19 20
----------------------------------------------------------------------
      1|  0  0  0  0  0  0  0  0  0  0  0  0  0  0  0  0  0  1  0  0
      2|  0  0  1  0  0  0  0  0  0  0  0  0  0  0  0  0  0  1  0  0
      3|  0  1  0  1  0  0  0  0  0  0  0  0  0  0  0  0  0  0  0  0
      4|  0  0  1  0  1  0  0  0  0  0  0  0  0  0  0  0  0  0  0  0
      5|  0  0  0  1  0  1  0  0  0  0  0  0  0  0  0  0  0  0  0  0
      6|  0  0  0  0  1  0  1  0  0  0  0  0  0  0  0  0  0  0  0  0
      7|  0  0  0  0  0  1  0  1  0  1  0  0  0  0  0  0  0  0  0  0
      8|  0  0  0  0  0  0  1  0  0  0  0  0  0  0  0  0  0  0  0  0
      9|  0  0  0  0  0  0  0  0  0  0  0  0  0  0  1  0  0  0  0  1
     10|  0  0  0  0  0  0  1  0  0  0  0  0  0  0  0  0  0  0  1  1
     11|  0  0  0  0  0  0  0  0  0  0  0  1  1  0  0  0  0  0  0  0
     12|  0  0  0  0  0  0  0  0  0  0  1  0  0  1  0  0  0  0  0  0
     13|  0  0  0  0  0  0  0  0  0  0  1  0  0  0  1  0  0  0  0  0
     14|  0  0  0  0  0  0  0  0  0  0  0  1  0  0  0  1  0  0  0  0
     15|  0  0  0  0  0  0  0  0  1  0  0  0  1  0  0  0  0  0  0  0
     16|  0  0  0  0  0  0  0  0  0  0  0  0  0  1  0  0  1  0  0  0
     17|  0  0  0  0  0  0  0  0  0  0  0  0  0  0  0  1  0  0  0  0
     18|  1  1  0  0  0  0  0  0  0  0  0  0  0  0  0  0  0  0  0  0
     19|  0  0  0  0  0  0  0  0  0  1  0  0  0  0  0  0  0  0  0  0
     20|  0  0  0  0  0  0  0  0  1  1  0  0  0  0  0  0  0  0  0  1


Out degree per vertex table: 
  №| Out degree
----------------
  1|  1
  2|  2
  3|  2
  4|  2
  5|  2
  6|  2
  7|  3
  8|  1
  9|  2
 10|  3
 11|  2
 12|  2
 13|  2
 14|  2
 15|  2
 16|  2
 17|  1
 18|  2
 19|  1
 20|  3


In degree per vertex table: 
  №| In degree
---------------
  1|  1
  2|  2
  3|  2
  4|  2
  5|  2
  6|  2
  7|  3
  8|  1
  9|  2
 10|  3
 11|  2
 12|  2
 13|  2
 14|  2
 15|  2
 16|  2
 17|  1
 18|  2
 19|  1
 20|  3
 Graph is not uniform
Do you want to get all terminal and isolated vertexes? YES/no?


Terminal vertexes list: 
[]


Isolated vertexes list: 
[]
