Enter input filename or press enter to read from stdin: Enter output filename or press enter to write to stdout: 
Do you want to get distance and reachability?


 Distance matrix: 
s\t|  1  2  3  4  5  6  7  8  9 10 11 12 13 14 15 16 17 18 19 20
------------------------------------------------------------------
  1|  0  1  5  6  7  1  3  2  4  1  5  4  5  4  3  2  3  6  4  3
  2|  4  0  4  5  6  3  2  1  3  5  4  8  4  3  4  6  7  5  4  2
  3|  -  -  0  -  -  1  -  -  -  -  -  -  -  -  -  -  -  -  -  -
  4|  3  4  3  0  1  2  1  4  2  4  3  7  3  2  3  5  6  4  3  1
  5|  -  -  -  -  0  -  -  -  -  -  -  -  -  -  -  -  -  -  -  -
  6|  -  -  -  -  -  0  -  -  -  -  -  -  -  -  -  -  -  -  -  -
  7|  9  5  9 10 11  8  0  6  1  4  9  7  2  8  2  5  6 10  3  7
  8|  3  4  3  4  5  2  1  0  2  4  3  7  3  2  3  5  6  4  3  1
  9|  8  4  8  9 10  7  6  5  0  3  8  6  1  7  1  4  5  9  2  6
 10|  5  1  5  6  7  4  3  2  4  0  5  3  5  4  2  1  2  6  3  3
 11|  3  4  3  1  2  1  2  1  3  4  0  7  4  2  4  5  6  1  3  2
 12|  -  -  -  -  -  -  -  -  -  -  -  0  -  -  -  -  -  -  -  -
 13|  -  -  -  -  -  -  -  -  -  -  -  -  0  -  -  -  -  -  -  -
 14|  1  2  1  2  3  1  1  2  2  2  1  5  3  0  3  3  4  2  1  1
 15|  7  3  7  8  9  6  5  4  6  2  7  5  7  6  0  3  4  8  1  5
 16|  6  2  6  7  8  5  4  3  5  1  6  2  6  5  1  0  1  7  2  4
 17|  -  -  -  -  -  -  -  -  -  -  -  1  -  -  -  -  0  -  -  -
 18|  2  3  2  3  4  2  2  3  3  3  2  6  4  1  4  4  5  0  2  1
 19|  6  2  6  7  8  5  4  3  5  1  6  4  6  5  3  2  3  7  0  4
 20|  2  3  2  3  4  1  2  3  3  3  2  6  4  1  4  4  5  3  2  0


 Reachability matrix: 
s\t|  1  2  3  4  5  6  7  8  9 10 11 12 13 14 15 16 17 18 19 20
------------------------------------------------------------------
  1|  1  1  1  1  1  1  1  1  1  1  1  1  1  1  1  1  1  1  1  1
  2|  1  1  1  1  1  1  1  1  1  1  1  1  1  1  1  1  1  1  1  1
  3|  0  0  0  0  0  1  0  0  0  0  0  0  0  0  0  0  0  0  0  0
  4|  1  1  1  1  1  1  1  1  1  1  1  1  1  1  1  1  1  1  1  1
  5|  0  0  0  0  0  0  0  0  0  0  0  0  0  0  0  0  0  0  0  0
  6|  0  0  0  0  0  0  0  0  0  0  0  0  0  0  0  0  0  0  0  0
  7|  1  1  1  1  1  1  1  1  1  1  1  1  1  1  1  1  1  1  1  1
  8|  1  1  1  1  1  1  1  1  1  1  1  1  1  1  1  1  1  1  1  1
  9|  1  1  1  1  1  1  1  1  1  1  1  1  1  1  1  1  1  1  1  1
 10|  1  1  1  1  1  1  1  1  1  1  1  1  1  1  1  1  1  1  1  1
 11|  1  1  1  1  1  1  1  1  1  1  1  1  1  1  1  1  1  1  1  1
 12|  0  0  0  0  0  0  0  0  0  0  0  0  0  0  0  0  0  0  0  0
 13|  0  0  0  0  0  0  0  0  0  0  0  0  0  0  0  0  0  0  0  0
 14|  1  1  1  1  1  1  1  1  1  1  1  1  1  1  1  1  1  1  1  1
 15|  1  1  1  1  1  1  1  1  1  1  1  1  1  1  1  1  1  1  1  1
 16|  1  1  1  1  1  1  1  1  1  1  1  1  1  1  1  1  1  1  1  1
 17|  0  0  0  0  0  0  0  0  0  0  0  1  0  0  0  0  0  0  0  0
 18|  1  1  1  1  1  1  1  1  1  1  1  1  1  1  1  1  1  1  1  1
 19|  1  1  1  1  1  1  1  1  1  1  1  1  1  1  1  1  1  1  1  1
 20|  1  1  1  1  1  1  1  1  1  1  1  1  1  1  1  1  1  1  1  1


 Loops are present, some of them: 
Loop 1: 8 -> 7 -> 9 -> 15 -> 19 -> 10 -> 2 -> 8
Loop 2: 16 -> 10 -> 16
Loop 3: 19 -> 10 -> 16 -> 15 -> 19
Loop 4: 2 -> 8 -> 20 -> 14 -> 1 -> 2
Loop 5: 14 -> 11 -> 4 -> 20 -> 14
Loop 6: 20 -> 14 -> 11 -> 8 -> 20
Loop 7: 11 -> 18 -> 14 -> 11
Loop 8: 14 -> 11 -> 18 -> 20 -> 14
Loop 9: 14 -> 20 -> 14


Graph is weakly connected
