
========================================
1) Floyd-Warshall's algorithm:

Distance matrix: 
s\t  |   1|   2|   3|   4|   5|   6|   7|   8|   9|  10|
-------------------------------------------------------
    1|   0|   7|   6|  16|   5|  13|   3|  17|  20|   4|
    2|  15|   0|  10|  31|  20|  28|   6|  32|  35|   8|
    3|   5|   1|   0|  21|  10|  18|   7|  22|  25|   9|
    4|  22|   9|  19|   0|  10|  18|  15|   1|   4|  17|
    5|  12|  19|  18|  11|   0|   8|  15|  12|  15|  16|
    6|   4|  11|  10|   3|   2|   0|   7|   4|   7|   8|
    7|  20|   5|  15|  36|  25|  33|   0|  37|  40|   2|
    8|  23|   8|  18|   6|  16|  24|  14|   0|   3|  16|
    9|  20|   5|  15|  13|  23|  31|  11|   7|   0|  13|
   10|  26|  11|  21|  42|  31|  39|   6|  43|  46|   0|

Path from #3 to #8:
3 -> 1 -> 5 -> 6 -> 4 -> 8

========================================
2) Johnson's algorithm:

Distance matrix: 
s\t  |   1|   2|   3|   4|   5|   6|   7|   8|   9|  10|
-------------------------------------------------------
    1|   0|   7|   6|  16|   5|  13|   3|  17|  20|   4|
    2|  15|   0|  10|  31|  20|  28|   6|  32|  35|   8|
    3|   5|   1|   0|  21|  10|  18|   7|  22|  25|   9|
    4|  22|   9|  19|   0|  10|  18|  15|   1|   4|  17|
    5|  12|  19|  18|  11|   0|   8|  15|  12|  15|  16|
    6|   4|  11|  10|   3|   2|   0|   7|   4|   7|   8|
    7|  20|   5|  15|  36|  25|  33|   0|  37|  40|   2|
    8|  23|   8|  18|   6|  16|  24|  14|   0|   3|  16|
    9|  20|   5|  15|  13|  23|  31|  11|   7|   0|  13|
   10|  26|  11|  21|  42|  31|  39|   6|  43|  46|   0|

Path from #3 to #8:
3 -> 1 -> 5 -> 6 -> 4 -> 8
