
========================================
1) Floyd-Warshall's algorithm:

Distance matrix: 
s\t  |   1|   2|   3|   4|   5|   6|   7|   8|   9|  10|
-------------------------------------------------------
    1|   0|   8|  16|  19|  31|  36|  33|  28|  38|  40|
    2|   7|   0|   8|  11|  23|  28|  25|  20|  30|  32|
    3|   5|  -2|   0|   3|  15|  20|  17|  12|  22|  24|
    4|  10|   3|   5|   0|  12|  17|  14|   9|  19|  21|
    5|  22|  15|  17|  12|   0|   5|   2|   4|   7|   9|
    6|  17|  10|  12|   7|  -4|   0|  -3|   0|   2|   4|
    7|  24|  17|  19|  14|   3|   7|   0|   7|   5|   7|
    8|  18|  11|  13|   8|   3|   8|   5|   0|  10|  12|
    9|  26|  19|  21|  16|   4|   9|   6|   8|   0|   2|
   10|  25|  18|  20|  15|   3|   8|   5|   7|  -1|   0|

Path from #3 to #8:
3 -> 4 -> 8

========================================
2) Johnson's algorithm:

Distance matrix: 
s\t  |   1|   2|   3|   4|   5|   6|   7|   8|   9|  10|
-------------------------------------------------------
    1|   0|   8|  16|  19|  31|  36|  33|  28|  38|  40|
    2|   7|   0|   8|  11|  23|  28|  25|  20|  30|  32|
    3|   5|  -2|   0|   3|  15|  20|  17|  12|  22|  24|
    4|  10|   3|   5|   0|  12|  17|  14|   9|  19|  21|
    5|  22|  15|  17|  12|   0|   5|   2|   4|   7|   9|
    6|  17|  10|  12|   7|  -4|   0|  -3|   0|   2|   4|
    7|  24|  17|  19|  14|   3|   7|   0|   7|   5|   7|
    8|  18|  11|  13|   8|   3|   8|   5|   0|  10|  12|
    9|  26|  19|  21|  16|   4|   9|   6|   8|   0|   2|
   10|  25|  18|  20|  15|   3|   8|   5|   7|  -1|   0|

Path from #3 to #8:
3 -> 4 -> 8
